[10003, 12032, 14040, 16065, 18068, 20073, 22076, 24093, 26110, 28137, 30148, 32175, 34206, 36236, 38238, 40239, 42243, 44250, 46257, 48261, 50267, 52272, 54279, 56286, 58291, 60297]
[8.800000190734863, 9.5, 9.199999809265137, 9.0, 9.199999809265137, 9.5, 9.800000190734863, 38.29999923706055, 100.9000015258789, 191.0, 78.19999694824219, 219.0, 231.60000610351562, 134.60000610351562, 82.5999984741211, 188.6999969482422, 495.79998779296875, 313.20001220703125, 369.0, 278.0, 251.0, 266.8999938964844, 261.70001220703125, 282.3999938964844, 274.6000061035156, 261.0]
[8.800000190734863, 9.5, 9.199999809265137, 9.0, 9.199999809265137, 9.5, 24.299999237060547, 36.5, 86.5, 247.6999969482422, 223.89999389648438, 266.79998779296875, 248.60000610351562, 241.0, 306.29998779296875, 278.8999938964844, 264.6000061035156, 201.1999969482422, 136.6999969482422, 204.8000030517578, 188.6999969482422, 251.1999969482422, 249.8000030517578, 294.79998779296875, 261.8999938964844, 247.3000030517578]
[8.800000190734863, 9.5, 9.199999809265137, 9.0, 9.199999809265137, 9.5, 11.199999809265137, 64.30000305175781, 52.400001525878906, 53.79999923706055, 129.60000610351562, 187.10000610351562, 274.8999938964844, 191.3000030517578, 269.0, 328.6000061035156, 470.5, 271.0, 200.1999969482422, 170.8000030517578, 207.1999969482422, 302.1000061035156, 287.79998779296875, 372.8999938964844, 304.0, 340.20001220703125, 374.8999938964844]
[8.800000190734863, 9.5, 9.199999809265137, 9.0, 9.199999809265137, 9.5, 9.600000381469727, 24.299999237060547, 112.0999984741211, 332.1000061035156, 356.79998779296875, 331.3999938964844, 127.0, 163.0, 309.8999938964844, 284.20001220703125, 335.6000061035156, 227.1999969482422, 255.60000610351562, 222.1999969482422, 204.39999389648438, 235.0, 240.1999969482422, 189.1999969482422, 257.5, 332.3999938964844]
[8.800000190734863, 9.5, 9.199999809265137, 9.0, 9.199999809265137, 9.5, 9.600000381469727, 33.900001525878906, 301.29998779296875, 262.3999938964844, 276.0, 75.5, 217.89999389648438, 392.29998779296875, 206.6999969482422, 414.20001220703125, 456.70001220703125, 324.29998779296875, 344.6000061035156, 286.6000061035156, 282.29998779296875, 268.29998779296875, 243.1999969482422, 329.29998779296875, 275.29998779296875, 266.0, 245.6999969482422]
[8.800000190734863, 9.5, 9.199999809265137, 9.0, 9.199999809265137, 9.5, 15.199999809265137, 103.0, 43.0, 52.79999923706055, 95.80000305175781, 190.10000610351562, 225.5, 148.8000030517578, 303.70001220703125, 281.0, 394.6000061035156, 406.70001220703125, 290.6000061035156, 317.8999938964844, 314.79998779296875, 275.1000061035156, 305.29998779296875, 300.3999938964844, 323.5, 332.8999938964844]
[8.800000190734863, 9.5, 9.199999809265137, 9.0, 9.199999809265137, 9.5, 9.600000381469727, 27.5, 265.70001220703125, 340.3999938964844, 266.1000061035156, 352.6000061035156, 101.69999694824219, 142.8000030517578, 339.29998779296875, 267.0, 216.6999969482422, 289.79998779296875, 264.3999938964844, 201.10000610351562, 258.79998779296875, 254.39999389648438, 281.0, 348.5, 293.6000061035156, 338.20001220703125]
[8.800000190734863, 9.5, 9.199999809265137, 9.0, 9.199999809265137, 9.5, 9.600000381469727, 59.20000076293945, 31.700000762939453, 38.70000076293945, 70.0999984741211, 275.20001220703125, 223.0, 210.60000610351562, 366.5, 339.1000061035156, 346.6000061035156, 306.6000061035156, 389.1000061035156, 295.0, 315.8999938964844, 278.29998779296875, 270.3999938964844, 337.3999938964844, 307.0, 306.8999938964844]
[8.800000190734863, 9.5, 9.199999809265137, 9.0, 9.199999809265137, 9.5, 9.600000381469727, 40.79999923706055, 379.20001220703125, 88.9000015258789, 184.3000030517578, 101.9000015258789, 260.70001220703125, 319.20001220703125, 398.70001220703125, 353.70001220703125, 369.1000061035156, 275.8999938964844, 275.70001220703125, 333.1000061035156, 306.5, 325.20001220703125, 316.20001220703125, 351.3999938964844, 310.8999938964844, 326.70001220703125, 309.0]
[8.800000190734863, 9.5, 9.199999809265137, 9.0, 9.199999809265137, 9.5, 9.600000381469727, 13.5, 34.20000076293945, 61.5, 153.6999969482422, 330.8999938964844, 346.70001220703125, 162.89999389648438, 122.30000305175781, 156.8000030517578, 253.1999969482422, 280.5, 302.1000061035156, 261.29998779296875, 274.6000061035156, 232.89999389648438, 262.8999938964844, 301.70001220703125, 232.60000610351562, 259.6000061035156]
