[10003, 12032, 14040, 16065, 18068, 20073, 22076, 24092, 26100, 28126, 30136, 32154, 34177, 36207, 38237, 40239, 42245, 44251, 46258, 48265, 50272, 52281, 54288, 56295, 58303, 60311]
[8.800000190734863, 9.5, 9.199999809265137, 9.0, 9.199999809265137, 9.5, 9.800000190734863, 38.29999923706055, 99.80000305175781, 190.60000610351562, 78.19999694824219, 218.6999969482422, 231.8000030517578, 128.39999389648438, 82.4000015258789, 191.6999969482422, 488.3999938964844, 382.1000061035156, 387.70001220703125, 258.0, 256.29998779296875, 252.1999969482422, 265.29998779296875, 231.0, 255.5, 263.79998779296875]
[8.800000190734863, 9.5, 9.199999809265137, 9.0, 9.199999809265137, 9.5, 24.299999237060547, 36.5, 86.5, 247.6999969482422, 223.89999389648438, 266.79998779296875, 248.60000610351562, 241.0, 306.29998779296875, 278.8999938964844, 264.6000061035156, 201.1999969482422, 136.6999969482422, 204.8000030517578, 187.89999389648438, 251.10000610351562, 246.3000030517578, 294.1000061035156, 219.1999969482422, 248.3000030517578]
[8.800000190734863, 9.5, 9.199999809265137, 9.0, 9.199999809265137, 9.5, 11.199999809265137, 64.30000305175781, 52.400001525878906, 53.79999923706055, 129.60000610351562, 187.10000610351562, 274.8999938964844, 191.1999969482422, 398.5, 351.8999938964844, 500.0, 251.89999389648438, 195.39999389648438, 238.3000030517578, 240.1999969482422, 300.3999938964844, 317.79998779296875, 262.8999938964844, 294.0, 258.0, 314.70001220703125]
[8.800000190734863, 9.5, 9.199999809265137, 9.0, 9.199999809265137, 9.5, 9.600000381469727, 24.299999237060547, 104.0, 197.5, 306.70001220703125, 391.0, 308.29998779296875, 162.0, 347.20001220703125, 366.79998779296875, 350.70001220703125, 320.70001220703125, 409.5, 372.8999938964844, 321.5, 271.79998779296875, 262.29998779296875, 333.1000061035156, 253.1999969482422, 250.39999389648438]
[8.800000190734863, 9.5, 9.199999809265137, 9.0, 9.199999809265137, 9.5, 9.600000381469727, 33.900001525878906, 301.29998779296875, 260.70001220703125, 275.70001220703125, 75.5, 216.10000610351562, 392.29998779296875, 206.6999969482422, 475.3999938964844, 500.0, 310.1000061035156, 375.5, 305.79998779296875, 277.8999938964844, 267.20001220703125, 299.79998779296875, 288.8999938964844, 205.3000030517578, 316.1000061035156, 251.3000030517578]
[8.800000190734863, 9.5, 9.199999809265137, 9.0, 9.199999809265137, 9.5, 15.199999809265137, 103.0, 43.0, 52.79999923706055, 95.80000305175781, 190.10000610351562, 225.5, 148.8000030517578, 304.0, 281.0, 393.79998779296875, 406.70001220703125, 290.6000061035156, 317.8999938964844, 312.29998779296875, 275.3999938964844, 305.6000061035156, 257.1000061035156, 347.0, 332.70001220703125]
[8.800000190734863, 9.5, 9.199999809265137, 9.0, 9.199999809265137, 9.5, 9.600000381469727, 27.5, 265.70001220703125, 340.3999938964844, 266.1000061035156, 352.6000061035156, 101.69999694824219, 142.8000030517578, 339.29998779296875, 267.1000061035156, 169.1999969482422, 247.8000030517578, 276.1000061035156, 274.0, 289.8999938964844, 306.0, 293.20001220703125, 351.5, 312.5, 294.1000061035156]
[8.800000190734863, 9.5, 9.199999809265137, 9.0, 9.199999809265137, 9.5, 9.600000381469727, 59.20000076293945, 31.700000762939453, 38.70000076293945, 70.0999984741211, 277.3999938964844, 223.1999969482422, 222.5, 402.5, 352.0, 422.6000061035156, 351.5, 311.79998779296875, 322.5, 328.20001220703125, 305.20001220703125, 290.0, 257.3999938964844, 312.79998779296875, 373.1000061035156]
[8.800000190734863, 9.5, 9.199999809265137, 9.0, 9.199999809265137, 9.5, 9.600000381469727, 40.79999923706055, 381.1000061035156, 88.9000015258789, 184.3000030517578, 101.9000015258789, 260.70001220703125, 319.20001220703125, 398.70001220703125, 353.70001220703125, 369.1000061035156, 275.8999938964844, 275.0, 333.0, 321.29998779296875, 322.6000061035156, 356.70001220703125, 399.6000061035156, 379.79998779296875, 326.5, 289.8999938964844]
[8.800000190734863, 9.5, 9.199999809265137, 9.0, 9.199999809265137, 9.5, 9.600000381469727, 13.699999809265137, 34.0, 65.19999694824219, 116.19999694824219, 112.69999694824219, 341.6000061035156, 162.89999389648438, 126.4000015258789, 202.8000030517578, 221.10000610351562, 283.70001220703125, 246.39999389648438, 306.8999938964844, 277.79998779296875, 283.0, 277.70001220703125, 312.0, 295.6000061035156, 302.79998779296875]
